In this folder are lightcurves of periodic candidates.

Filtering:
- Removed sources that had aliasing issues with cadence.
- Kepts sources that had w1_period / w2_period == ~0.5 or ~1 or ~2
- Plotted by combined SDE.

REMAINING SOURCES:
| name                | w1_period | w1_sde | w2_period | w2_sde |
|---------------------|-----------|--------|-----------|--------|
| 4837423353408638080 | 0.154580  | 39.20  | 0.154711  | 28.94  |
| 2798132572998105984 | 0.074575  | 23.29  | 0.074575  | 14.69  |
| 3938156295111047680 | 0.021964  | 17.91  | 0.021802  | 13.75  |
| 6862687522250677376 | 0.045104  | 9.55   | 0.021852  | 18.08  |
| 1907041590544054656 | 0.054729  | 14.94  | 0.027661  | 11.72  |
| 457817164137702784  | 0.021907  | 14.88  | 0.010656  | 11.71  |
| 5639391810273308416 | 0.021959  | 13.35  | 0.011126  | 12.64  |
| 715357559411376128  | 0.027269  | 11.66  | 0.013068  | 14.21  |
| 5483433645008336768 | 0.013229  | 11.20  | 0.026467  | 14.40  |
| 2276262641733772800 | 0.033142  | 15.09  | 0.016533  | 10.24  |
| 4704847230628098048 | 0.450618  | 11.63  | 0.437616  | 13.63  |
| 5322090003089341440 | 0.022164  | 13.16  | 0.021633  | 12.04  |
| 5211759062112003840 | 0.021993  | 13.11  | 0.011035  | 12.09  |
| 406775841506041344  | 0.031330  | 12.30  | 0.015649  | 12.41  |
| 4284122782775063552 | 0.010973  | 12.52  | 0.022072  | 11.57  |
| 2735175263041913088 | 0.048545  | 13.45  | 0.024155  | 10.61  |
| 6613289285448236288 | 0.043101  | 9.74   | 0.021743  | 13.87  |
| 1055273537642488576 | 0.023365  | 12.15  | 0.024064  | 11.05  |
| 3313714023603261568 | 0.038001  | 11.48  | 0.078609  | 11.56  |
| 962995581174346112  | 0.050828  | 10.64  | 0.025892  | 12.37  |
| 2092134443120038528 | 0.012205  | 11.81  | 0.024026  | 11.15  |
| 4497414466452138496 | 0.018612  | 11.21  | 0.037118  | 11.47  |
| 6281218357040987136 | 0.042023  | 10.38  | 0.021591  | 12.01  |
| 4904412336280853248 | 0.021988  | 9.91   | 0.042330  | 12.45  |
| 3022956969731332096 | 0.010426  | 10.66  | 0.021570  | 11.57  |
| 1989616837931671808 | 0.061993  | 10.98  | 0.120901  | 11.04  |
| 6763036202147206912 | 0.022067  | 11.18  | 0.010951  | 10.67  |
| 5065010887285008128 | 0.048108  | 10.65  | 0.046331  | 11.19  |
| 6853784501721502720 | 0.024319  | 12.17  | 0.048207  | 9.65   |
| 2667464656943675392 | 0.028385  | 11.80  | 0.014587  | 9.82   |
| 3787620642027892992 | 0.022728  | 11.14  | 0.021932  | 10.48  |
| 2986473765172532864 | 0.057935  | 11.07  | 0.059026  | 10.32  |
| 6417955993895552128 | 0.015134  | 11.03  | 0.014741  | 10.22  |
| 6530655695221843456 | 0.186949  | 11.25  | 0.371117  | 9.90   |
| 2132684535027576448 | 0.025996  | 10.33  | 0.050925  | 10.53  |
| 4334641562477923712 | 0.025415  | 10.08  | 0.012623  | 10.72  |
| 6363307963890671360 | 0.016952  | 9.83   | 0.033278  | 10.57  |
| 6067215083178616704 | 2.697324  | 10.06  | 2.737722  | 10.33  |
| 1478363619145920640 | 0.025858  | 11.22  | 0.026145  | 9.07   |
| 3494580937593244672 | 0.031035  | 9.59   | 0.061370  | 10.62  |
| 3502495084850315520 | 0.039165  | 9.93   | 0.019755  | 10.18  |
| 1097100089538914816 | 0.013124  | 10.31  | 0.025031  | 9.71   |
| 2364319061964016512 | 0.052042  | 10.28  | 0.026608  | 9.71   |
| 5267338515903090560 | 0.042336  | 9.52   | 0.022058  | 10.30  |
| 4328293291578459392 | 0.053751  | 9.15   | 0.104889  | 10.33  |
| 6215928635040411136 | 0.012537  | 9.16   | 0.025751  | 10.21  |
| 2386223463892847872 | 0.028978  | 10.13  | 0.058718  | 9.22   |
| 6496911752085039616 | 0.162350  | 9.20   | 0.080709  | 9.91   |
| 4722873448887695616 | 0.086379  | 9.20   | 0.088430  | 9.76   |
| 6606865659346230400 | 0.055260  | 9.31   | 0.055520  | 9.12   |
| 5125548275226851072 | 0.059837  | 9.56   | 0.029793  | 8.65   |
| 2914172491871148160 | 0.039043  | 8.82   | 0.080057  | 9.37   |
| 2552928187080872832 | 2.739748  | 7.39   | 2.659754  | 8.20   |


